0
0
0
217
2
1
208
25
95
132
49
133
12
200
125
239
203
199
199
194
152
156
51
55
30
95
199
235
112
159
39
88
246
241
13
177
110
24
180
185
215
45
172
6
113
25
72
116
163
65
78
253
168
254
39
44
32
134
156
31
156
69
217
12
129
94
138
6
120
92
155
213
217
224
248
167
124
114
64
254
150
160
174
134
228
87
93
15
16
122
159
203
79
140
32
163
195
170
8
16
235
246
132
142
99
53
253
60
234
1
137
233
77
208
126
156
245
103
173
21
145
116
127
17
120
228
19
233
208
10
137
61
204
196
58
27
35
14
86
98
212
19
64
34
36
108
43
22
58
218
103
100
224
198
123
169
189
8
92
99
82
141
127
71
65
138
71
129
161
240
72
72
2
39
201
215
105
216
163
187
2
222
240
134
107
23
93
74
77
6
98
187
110
78
42
199
193
196
130
1
146
147
209
247
82
230
133
16
11
210
137
56
178
57
129
249
214
144
121
152
32