0
0
0
202
2
1
208
56
146
117
247
16
192
97
67
48
126
64
252
122
159
128
251
246
90
10
90
144
235
97
167
143
230
129
153
70
131
131
167
142
156
178
37
114
32
27
62
180
214
225
218
55
50
115
75
17
93
205
174
114
183
242
255
127
159
201
31
207
55
235
212
33
30
150
101
208
249
22
44
137
13
26
252
172
137
229
95
30
132
164
226
134
126
55
202
37
52
191
38
161
170
176
136
38
172
12
92
58
145
222
192
133
33
31
115
222
208
63
205
173
207
25
35
23
238
26
95
161
182
16
180
170
162
65
146
47
111
124
52
196
249
250
255
99
41
216
158
96
218
101
112
52
60
131
233
64
133
182
45
33
29
131
38
82
230
155
24
158
255
154
67
57
16
239
141
148
47
36
43
19
254
8
226
8
213
229
207
156
90
152
123
175
237
0
55
137
41
166
130
107
55
35
209
49
207
32